7<<JinSH[array([-0.09597985,  0.01807304,  0.04134434, -0.07917975, -0.09880101,
       -0.05929256, -0.02255797, -0.1412264 ,  0.15239616, -0.14937723,
        0.20515014, -0.06903195, -0.1629616 , -0.0827111 , -0.03909394,
        0.14915328, -0.14997011, -0.14260657, -0.10040178,  0.05895366,
        0.06731042, -0.035734  ,  0.05044354,  0.02246376, -0.02657836,
       -0.33281285, -0.12003631, -0.05485917,  0.06015078, -0.00383337,
       -0.00555067, -0.03566627, -0.19576898, -0.07552376,  0.01951287,
        0.06311439, -0.02050192, -0.08142512,  0.22016209, -0.05128375,
       -0.29983068,  0.01190068,  0.07418348,  0.18580106,  0.15020241,
        0.08736105, -0.00265603, -0.12753572,  0.15082736, -0.14574099,
        0.08829612,  0.09332108,  0.1268121 ,  0.0029203 ,  0.02567049,
       -0.12875693,  0.05762276,  0.15366861, -0.15059239,  0.02863682,
        0.13394943, -0.03745567, -0.0236438 , -0.06005859,  0.22291741,
        0.10657404, -0.09866879, -0.20430772,  0.15109552, -0.14002647,
       -0.04739106,  0.04788319, -0.15423746, -0.14479095, -0.25787491,
       -0.02584841,  0.40119308,  0.08148395, -0.14808774,  0.00904244,
       -0.05198053,  0.03086913,  0.11702085,  0.12649055, -0.04612741,
        0.0306993 , -0.09433629, -0.04111432,  0.21385829, -0.058603  ,
       -0.0372449 ,  0.18837251,  0.00093229,  0.03868815, -0.00806573,
       -0.04312259, -0.06267477,  0.06926314, -0.16113566, -0.00331194,
        0.06043983,  0.01051944,  0.03251756,  0.09797494, -0.14827672,
        0.09927953, -0.0148595 ,  0.05028464,  0.05711819,  0.01651076,
       -0.11200502, -0.08384056,  0.10423393, -0.15802999,  0.20956342,
        0.14005995,  0.10323384,  0.07995051,  0.16256811,  0.08513657,
        0.05063016,  0.03746423, -0.23542257, -0.01445852,  0.09810136,
       -0.03153632,  0.14102165,  0.03580775])]6<<JKS[array([-7.39510134e-02,  2.16437597e-03,  5.90495393e-02, -8.95890743e-02,
       -1.00410961e-01, -3.93176526e-02, -6.56128228e-02, -1.39107347e-01,
        1.05506651e-01, -1.12881228e-01,  2.13711724e-01, -9.13858116e-02,
       -2.45106936e-01, -7.63368458e-02, -7.58208111e-02,  1.53293401e-01,
       -1.68376535e-01, -1.37375861e-01, -2.80474406e-02, -1.16827246e-02,
        1.22456029e-01,  1.10097453e-02,  6.83934195e-06, -1.15972972e-02,
       -1.07743323e-01, -3.37198496e-01, -1.35213077e-01, -1.30224964e-02,
       -8.58389493e-03, -4.75234538e-03, -1.51144741e-02,  4.09483314e-02,
       -2.07936898e-01, -1.75558962e-02,  2.60099303e-02,  5.86189292e-02,
       -1.14252958e-02, -1.18595868e-01,  1.42090470e-01, -6.50800671e-03,
       -2.22161189e-01,  4.07371521e-02,  4.58401144e-02,  1.98326096e-01,
        1.37835592e-01,  2.22509596e-02,  4.39169556e-02, -1.56536520e-01,
        9.37258601e-02, -1.53177634e-01,  1.61381252e-02,  1.71812192e-01,
        4.07209061e-02,  5.89341857e-02, -8.37470777e-03, -9.98156369e-02,
        2.99338438e-02,  1.46562740e-01, -1.08106673e-01,  4.62997854e-02,
        9.80852395e-02, -8.29496011e-02, -5.08618653e-02, -1.34728968e-01,
        1.94314390e-01,  6.22862093e-02, -1.47753522e-01, -2.18125716e-01,
        9.26844180e-02, -1.22927412e-01, -1.16138041e-01,  4.10990231e-02,
       -1.85406163e-01, -1.83225185e-01, -3.01056653e-01,  2.90635042e-02,
        3.48299563e-01,  7.40511715e-02, -2.09803775e-01,  7.36507624e-02,
       -2.62680277e-02,  6.57542273e-02,  1.64399892e-01,  1.80405170e-01,
        2.00677626e-02,  8.04686621e-02, -8.56734365e-02,  1.33626349e-02,
        2.34303847e-01, -1.01324357e-01, -6.21755645e-02,  2.51250565e-01,
       -1.46303689e-02,  9.12385434e-02,  2.93597728e-02,  4.39794436e-02,
       -2.13112459e-02,  3.91164683e-02, -1.10957950e-01,  2.83821374e-02,
        1.20463498e-01, -1.65629275e-02, -5.51240938e-03,  8.87841582e-02,
       -7.96755254e-02,  1.19810037e-01, -1.52461184e-02,  6.36937022e-02,
        2.95205414e-02, -7.55088031e-02, -9.19761136e-02, -4.53790240e-02,
        1.05004117e-01, -2.49860704e-01,  2.14159220e-01,  1.75408304e-01,
        8.05693492e-02,  1.08751841e-01,  1.39770985e-01,  7.96791166e-02,
        1.97927188e-03, -3.80001683e-03, -1.87992021e-01, -2.77781505e-02,
        9.63429436e-02,  1.53987957e-02,  7.44492710e-02, -1.06511600e-02])]0<<Lenna[array([-0.0537779 ,  0.11687261,  0.10212012, -0.13605238, -0.19123411,
        0.02925494, -0.10993308, -0.07161402,  0.21881203, -0.08762675,
        0.18376218, -0.03863315, -0.24867493,  0.1066836 , -0.082141  ,
        0.16513847, -0.20191072, -0.11032867, -0.07621609, -0.11823577,
       -0.02374014,  0.13232817,  0.04776238,  0.03681069, -0.08431195,
       -0.32253042, -0.05382077, -0.07927383,  0.06071482, -0.10026032,
        0.05157606,  0.07958506, -0.15062383,  0.01620987,  0.0780886 ,
        0.10755147,  0.01656494, -0.13658014,  0.08340913, -0.02936263,
       -0.18969728, -0.09364708,  0.10298302,  0.19470435,  0.17533962,
       -0.04419286,  0.07163263, -0.13120575,  0.14162496, -0.28179336,
        0.05129685,  0.10748921,  0.01565922,  0.06170441,  0.1593983 ,
       -0.24051477,  0.01807601,  0.20730394, -0.0674708 ,  0.14078918,
        0.06739175,  0.01408829,  0.03602302, -0.04745815,  0.22769272,
        0.06607062, -0.12466598, -0.24123369,  0.16586925, -0.11615666,
       -0.07407938,  0.18194772, -0.13411158, -0.1537852 , -0.2635999 ,
       -0.04472464,  0.46832556,  0.0985407 , -0.16078354,  0.02593164,
       -0.1031202 , -0.03262297, -0.01631233,  0.13384649, -0.01576194,
       -0.01884822, -0.16055904,  0.01680156,  0.29404515, -0.05027698,
       -0.0337219 ,  0.27868205, -0.03213601,  0.03533038, -0.03908445,
        0.12696894, -0.17580748, -0.00692587, -0.12681538, -0.10682298,
        0.01291239, -0.02833543, -0.08848754,  0.16123688, -0.18741356,
        0.14144196, -0.05254469,  0.01272324, -0.03684397,  0.00646138,
       -0.0019512 , -0.00904583,  0.25055113, -0.25704998,  0.14968251,
        0.17648086,  0.08759825,  0.14317189,  0.0117591 ,  0.05971656,
        0.07227796, -0.08320681, -0.11066294, -0.06285027, -0.09261565,
       -0.09283584, -0.1178262 ,  0.06787421])]3<<Baenom[array([-0.09834398,  0.01964023,  0.02569821, -0.06374422, -0.1170987 ,
       -0.09404308, -0.07287656, -0.1172034 ,  0.06298495, -0.12197033,
        0.13779944, -0.10591602, -0.18041563, -0.09137925, -0.05556511,
        0.17693685, -0.09936996, -0.14780043, -0.0605632 , -0.01014702,
        0.09507293,  0.06128577, -0.03752106,  0.04224151, -0.06457294,
       -0.30023283, -0.09391581, -0.05752166, -0.02375793,  0.00355798,
       -0.08424214,  0.06434017, -0.15314987, -0.05671372,  0.08939126,
        0.10212222,  0.01017881, -0.06159635,  0.13555475,  0.00568609,
       -0.24957106,  0.00865472,  0.10864747,  0.22700857,  0.18985079,
        0.04737353,  0.033764  , -0.07665475,  0.13877052, -0.16648895,
        0.0362859 ,  0.12110986,  0.15511104,  0.01832463,  0.06433803,
       -0.16782331,  0.05569672,  0.10252129, -0.13179351,  0.02451034,
        0.10561115, -0.0834939 , -0.04189399, -0.07593156,  0.22219944,
        0.04494576, -0.12121847, -0.1814398 ,  0.14440213, -0.17221591,
       -0.08545336,  0.02081332, -0.16937177, -0.15971935, -0.30037442,
        0.00587786,  0.30909294,  0.14478712, -0.21092103,  0.09816868,
        0.0236656 ,  0.07443345,  0.13899241,  0.14684393, -0.01352567,
        0.07604337, -0.09879941, -0.0540611 ,  0.20952193, -0.06715083,
       -0.0296542 ,  0.18916252, -0.0100036 ,  0.04020619,  0.037586  ,
       -0.0363104 , -0.05039463, -0.00767314, -0.10827082,  0.01537435,
        0.05499309, -0.06206433, -0.00416973,  0.1195545 , -0.13720234,
        0.09827255, -0.07845896,  0.05549217, -0.06191995, -0.0356386 ,
       -0.09492611, -0.02214226,  0.09169866, -0.15748653,  0.1677767 ,
        0.14893888,  0.05249099,  0.1082249 ,  0.14332984,  0.05623232,
        0.0333061 ,  0.0068302 , -0.19917503, -0.08183141,  0.10878219,
       -0.05585627,  0.09557859,  0.03071884])]5<<박태문[array([-9.84922945e-02,  8.72935355e-03,  2.00481787e-02, -7.72210956e-02,
       -1.13605969e-01,  1.47659704e-02, -6.26044422e-02, -7.54575804e-02,
        1.00853838e-01, -9.76613089e-02,  2.20327213e-01, -8.30124170e-02,
       -1.90741837e-01, -1.01893090e-01, -1.13494277e-01,  2.01173246e-01,
       -1.35698497e-01, -1.37623489e-01, -5.79678230e-02,  5.67358695e-02,
        6.88719377e-02, -3.27976868e-02, -4.21674438e-02,  4.04345244e-02,
       -7.09211826e-02, -2.79457361e-01, -9.21568498e-02, -3.83032337e-02,
       -2.13503409e-02, -8.48541930e-02, -5.94664887e-02,  4.35219742e-02,
       -1.81801230e-01, -6.78993464e-02,  3.32048722e-02,  8.42931569e-02,
       -1.66490935e-02, -6.76842406e-02,  1.39183715e-01,  2.72578374e-02,
       -2.22614706e-01,  3.92417498e-02,  5.58345653e-02,  2.11117938e-01,
        1.76905110e-01,  7.83431455e-02,  8.50814208e-03, -1.63715929e-01,
        1.17155015e-01, -1.62205413e-01,  2.70763636e-02,  1.58285215e-01,
        1.13402858e-01,  6.66073561e-02,  2.50512687e-03, -1.33195877e-01,
        6.82903677e-02,  1.19024679e-01, -7.26148412e-02,  3.80187505e-03,
        5.79937138e-02,  5.71911689e-03,  1.48921432e-02, -1.09612003e-01,
        2.05439121e-01,  3.38622816e-02, -1.14941746e-01, -2.01204404e-01,
        1.66540429e-01, -8.00067335e-02, -1.21429771e-01,  2.73880381e-02,
       -1.69489279e-01, -1.66950181e-01, -3.07766587e-01,  1.81343779e-02,
        3.69120270e-01,  1.24295600e-01, -2.03498885e-01,  5.88279441e-02,
       -6.18091524e-02,  1.08169857e-04,  6.62223473e-02,  1.40362591e-01,
       -2.89955735e-02,  1.85987912e-02, -5.78141101e-02, -5.64950891e-02,
        2.04841435e-01, -3.66083011e-02, -1.16465129e-02,  1.62155896e-01,
       -2.64799781e-03,  5.19742705e-02,  2.45255884e-02, -3.00954422e-03,
       -4.77142334e-02,  8.83470327e-02, -1.08184218e-01, -2.36020479e-02,
        3.97754647e-02, -4.26727645e-02,  3.19193117e-02,  1.51691347e-01,
       -1.41714871e-01,  1.34012952e-01, -2.63518244e-02,  7.00617209e-02,
        2.10330803e-02,  3.63526903e-02, -1.01578489e-01, -2.23193821e-02,
        1.14583984e-01, -2.02699259e-01,  2.04264641e-01,  1.67117923e-01,
        1.15440667e-01,  4.37237471e-02,  2.01201841e-01,  1.21420711e-01,
        4.91118990e-03,  3.61965597e-02, -2.15785593e-01, -3.67094502e-02,
        8.31504911e-02, -5.03927097e-02,  7.61366040e-02,  4.41192649e-02])]4<<prozoe[array([-0.08354869,  0.09248076,  0.06387176, -0.07926829, -0.11241632,
       -0.02313233, -0.11468497, -0.11728608,  0.08567927, -0.0952674 ,
        0.19148432, -0.01731153, -0.19600141, -0.09047382, -0.05700649,
        0.18064649, -0.1367368 , -0.15037583, -0.01093234,  0.03472269,
        0.10091722,  0.04212653,  0.04844791,  0.01638153, -0.15348989,
       -0.30305815, -0.11980098, -0.03034116, -0.01803369, -0.02613428,
       -0.10424706,  0.04720223, -0.20975292, -0.02493512,  0.03558434,
        0.0926861 , -0.00134994, -0.03638038,  0.14458725,  0.06891581,
       -0.25423747,  0.08758801,  0.03835506,  0.23346591,  0.20981447,
        0.05132263,  0.07465545, -0.14104205,  0.11209028, -0.17886735,
        0.0378669 ,  0.17296238,  0.08079381,  0.05202838, -0.04377387,
       -0.12266906,  0.04982224,  0.1073237 , -0.11845463,  0.04585044,
        0.11532771, -0.05711325, -0.03559174, -0.09421661,  0.19257723,
        0.05556481, -0.14864121, -0.20632297,  0.05552985, -0.14853555,
       -0.10976571,  0.08711584, -0.18743694, -0.17440754, -0.33202562,
        0.01199115,  0.31875974,  0.11351895, -0.20235658,  0.06394725,
       -0.0290607 ,  0.05453547,  0.0858587 ,  0.16463591, -0.03291326,
        0.09052838, -0.09473303, -0.00460092,  0.25838494, -0.07850999,
       -0.01096929,  0.26203704,  0.02483869,  0.12344167,  0.01667915,
        0.08756327, -0.04136037,  0.00095582, -0.08469953,  0.01903079,
        0.03233643, -0.06281516, -0.01724354,  0.12420441, -0.16426305,
        0.17012475, -0.07052034,  0.06767551, -0.01665651, -0.03319279,
       -0.07394458, -0.05076288,  0.10225131, -0.20346721,  0.17592809,
        0.22802389,  0.04554592,  0.0655738 ,  0.17141032,  0.09064841,
       -0.04486685,  0.02507576, -0.17963822, -0.05199828,  0.10422243,
       -0.07610001,  0.09738941,  0.00863934])]